  8599  4274 55366  3403 59653 41633 50141  1960
 35930 18882 36617 21121 17333 35994  5681 58396
 14780 21256 47952  8181 26611  2251 12729 39759
 32067 63628 40587 53938 33621 58659 38482 49422
  1513 31042 13168 25401  4408 35571  1780  5069
 64760 46962 16072 30395  1716  4380 43108 43454
  1328 39920 33840 62048  3329 13883 30587  2360
 21813 24636 12490 63930  1631 36585  9440 31695
 43776 23708 28291 29402 13148 28789 52197  4928
 40076   305 47475 38266 11490 51312 36319 28533
 13129 22654 30247 62819 16275 49092 40819 40545
 28958 22518 49675 32746 41710 56000 31443  8304
 28073 36837 27207 59529 28329 59650 65389 27327
 49964 65440 37479 51418  8280 60499  1495 11900
 20491 62677 34113 27637 42237 35813 51791 46964
 63361  1047  6966 63247 31684 64265 25325  1988
 54858 45221 10673 43908 63597 27390 26661 48317
 41281 32757 50772 16257 52207 28760  3223 17583
 26180 23689  4800 42263 25907   475
